=== arm A
  pt  advY   xh  cap  xhb  capb  asc  desc
   8    21    8   11    9    11   17    -5
  10    26    9   14   10    14   21    -6  x1.238
  12    31   11   16   12    16   25    -7  x1.192
  14    36   13   19   14    19   29    -8  x1.161
  16    41   15   21   16    21   33   -10  x1.139
  18    46   16   24   17    24   37   -11  x1.122
=== arm I
  pt  advY   xh  cap  xhb  capb  asc  desc
   8    21    8   11    9    11   17    -5
  10    26    9   14   10    14   21    -6  x1.238
  12    31   11   16   12    16   25    -7  x1.192
  14    36   13   19   14    19   29    -8  x1.161
  16    41   15   22   16    22   33   -10  x1.139
  18    47   17   24   18    24   37   -11  x1.146
=== arm B
  pt  advY   xh  cap  xhb  capb  asc  desc
   8    21    8   11    9    11   17    -5
  10    26    9   14   10    14   21    -6  x1.238
  12    31   11   16   12    16   25    -7  x1.192
  14    36   13   19   14    19   29    -9  x1.161
  16    42   15   22   16    22   33   -10  x1.167
  18    47   17   24   18    24   37   -11  x1.119
=== arm G
  pt  advY   xh  cap  xhb  capb  asc  desc
   8    21    8   11    9    11   17    -5
  10    26    9   14   10    14   21    -6  x1.238
  12    31   11   16   12    16   25    -7  x1.192
  14    37   13   19   14    19   29    -9  x1.194
  16    42   15   22   16    22   33   -10  x1.135
  18    47   17   24   18    24   37   -11  x1.119
=== arm C
  pt  advY   xh  cap  xhb  capb  asc  desc
   8    21    8   11    9    11   17    -5
  10    26   10   14   11    14   21    -6  x1.238
  12    32   11   17   12    17   25    -7  x1.231
  14    37   13   19   14    19   29    -9  x1.156
  16    42   15   22   16    22   33   -10  x1.135
  18    47   17   25   18    25   37   -11  x1.119
=== arm H
  pt  advY   xh  cap  xhb  capb  asc  desc
   8    21    8   11    9    11   17    -5
  10    26   10   14   11    14   21    -6  x1.238
  12    32   11   17   12    17   25    -7  x1.231
  14    37   13   19   14    19   29    -9  x1.156
  16    42   15   22   16    22   33   -10  x1.135
  18    48   17   25   18    25   38   -11  x1.143
=== arm D
  pt  advY   xh  cap  xhb  capb  asc  desc
   7    20    7   11    8    11   16    -5
   9    26    9   13   10    13   20    -6  x1.300
  11    31   11   16   12    16   25    -7  x1.192
  13    37   13   19   14    19   29    -9  x1.194
  15    43   15   22   16    22   34   -10  x1.162
  17    48   17   25   18    25   38   -11  x1.116
=== arm E
  pt  advY   xh  cap  xhb  capb  asc  desc
   7    20    7   11    8    11   16    -5
   9    26   10   14   11    14   21    -6  x1.300
  11    32   12   17   13    17   25    -8  x1.231
  13    38   14   20   15    20   30    -9  x1.188
  14    41   15   21   16    21   32    -9  x1.079
  16    47   17   24   18    24   37   -11  x1.146
=== arm F
  pt  advY   xh  cap  xhb  capb  asc  desc
   7    21    8   11    9    11   17    -5
   9    27   10   14   11    14   21    -6  x1.286
  10    29   11   15   12    15   23    -7  x1.074
  12    35   13   19   14    19   28    -8  x1.207
  14    41   15   22   16    22   33   -10  x1.171
  16    47   17   25   18    25   37   -11  x1.146
=== arm J
  pt  advY   xh  cap  xhb  capb  asc  desc
   8    23    8   12    9    12   18    -6
  10    29   10   15   11    15   23    -7  x1.261
  12    35   12   18   13    18   27    -8  x1.207
  14    40   14   21   15    21   32    -9  x1.143
  16    46   16   24   17    24   36   -11  x1.150
  18    52   18   27   19    27   41   -12  x1.130
=== arm OLD
  pt  advY   xh  cap  xhb  capb  asc  desc
   7    21    8   11    9    11   17    -5
   9    27   10   14   11    14   21    -6  x1.286
  11    32   12   17   13    17   26    -8  x1.185
  12    35   13   19   14    19   28    -8  x1.094
  14    41   15   22   16    22   33   -10  x1.171
  16    47   17   25   18    25   37   -11  x1.146
